1 2 F 4 B F 7 8 F B 11 
1 2 3 4 5 6 F 8 9 10 11 12 13 FB 15 16 17 
1 2 F 4 5 F B 8 F 10 11 F 13 
1 2 3 4 5 6 7 8 9 10 F 12 13 B 15 16 17 18 19 20 21 
1 2 3 4 5 6 7 F 9 10 11 12 13 14 B F 17 18 19 20 21 22 23 F 
1 2 3 4 F 6 B 8 9 F 11 12 13 B 
1 2 3 4 5 6 F 8 9 10 11 12 B F 15 16 17 18 19 20 F 22 23 24 25 
1 2 3 4 5 6 F 8 9 10 11 12 13 F 15 16 17 18 19 20 F 22 B 24 25 26 27 
1 F 3 F 5 F 7 FB 9 F 11 F 
1 2 3 4 F 6 7 8 9 F 11 12 13 14 F 16 17 18 19 F B 22 23 24 F 
1 2 F 4 5 F 7 8 F 10 11 F 13 B F 16 17 F 19 20 F 
1 2 3 F 5 6 7 F 9 B 11 F 13 
1 2 3 4 5 6 7 F 9 B 11 12 13 14 15 
1 2 F 4 5 FB 7 8 F 10 11 
1 2 3 4 5 6 7 F 9 10 B 12 13 14 15 F 17 18 19 
1 2 3 4 5 6 F 8 9 10 11 12 13 FB 15 16 17 18 19 
1 F 3 F 5 F 7 F 9 F 11 F 13 F 15 F 17 FB 19 F 21 F 23 F 25 F 27 
1 2 3 4 F 6 7 8 9 F 11 12 13 14 FB 16 17 18 19 F 21 22 23 24 
1 2 F 4 B F 7 8 F B 
1 2 F 4 5 F 7 8 F 10 11 F 13 B F 16 17 F 19 20 
